1.000000e-02 3.996458e+10
1.384886e-02 3.996458e+10
1.917910e-02 3.996458e+10
2.656088e-02 3.996458e+10
3.678380e-02 3.996458e+10
5.094138e-02 3.928294e+10
7.054802e-02 2.993142e+10
9.770100e-02 2.358387e+10
1.353048e-01 1.796971e+10
1.873817e-01 1.341729e+10
2.595024e-01 7.284570e+09
3.593814e-01 5.364103e+09
4.977024e-01 3.952930e+09
6.892612e-01 2.896153e+09
9.545485e-01 1.558304e+09
1.321941e+00 1.145757e+09
1.830738e+00 8.439267e+08
2.535364e+00 6.221715e+08
3.511192e+00 3.412168e+08
4.862602e+00 2.543816e+08
6.734151e+00 1.888758e+08
9.326033e+00 1.397856e+08
1.291550e+01 7.662134e+07
1.788650e+01 5.714313e+07
2.477076e+01 4.243772e+07
3.430469e+01 3.144598e+07
4.750810e+01 1.745032e+07
6.579332e+01 1.295742e+07
9.111628e+01 9.641112e+06
1.261857e+02 7.206955e+06
1.747528e+02 3.992865e+06
2.420128e+02 2.980751e+06
3.351603e+02 2.219850e+06
4.641589e+02 1.659970e+06
6.428073e+02 9.230354e+05
8.902151e+02 6.907222e+05
1.232847e+03 5.157637e+05
1.707353e+03 3.873876e+05
2.364489e+03 2.183545e+05
3.274549e+03 1.633379e+05
4.534879e+03 1.224294e+05
6.280291e+03 9.184570e+04
8.697490e+03 5.182810e+04
1.204504e+04 3.904587e+04
1.668101e+04 2.946357e+04
2.310130e+04 2.232384e+04
3.199267e+04 1.291111e+04
4.430621e+04 9.872141e+03
6.135907e+04 7.580527e+03
8.497534e+04 5.803142e+03
1.176812e+05 3.431270e+03
1.629751e+05 2.653218e+03
2.257020e+05 2.061269e+03
3.125716e+05 1.612973e+03
4.328761e+05 1.009163e+03
5.994843e+05 8.072766e+02
8.302176e+05 6.518035e+02
1.149757e+06 5.246541e+02
1.592283e+06 3.217960e+02
2.205131e+06 2.458945e+02
3.053856e+06 1.847720e+02
4.229243e+06 1.376328e+02
5.857021e+06 7.503077e+01
8.111308e+06 5.509679e+01
1.123324e+07 4.033906e+01
1.555676e+07 2.945877e+01
2.154435e+07 1.566946e+01
2.983647e+07 1.141161e+01
4.132012e+07 8.273216e+00
5.722368e+07 5.983605e+00
7.924829e+07 3.144413e+00
1.097499e+08 2.286334e+00
1.519911e+08 1.662157e+00
2.104904e+08 1.208857e+00
2.915053e+08 6.366157e-01
4.037017e+08 4.623793e-01
5.590810e+08 3.362509e-01
7.742637e+08 1.788616e-01
1.072267e+09 1.304548e-01
1.484968e+09 9.522988e-02
2.056512e+09 6.950699e-02
2.848036e+09 3.710429e-02
3.944206e+09 2.719780e-02
5.462277e+09 1.989074e-02
7.564633e+09 1.459374e-02
1.047616e+10 7.870842e-03
1.450829e+10 5.781292e-03
2.009233e+10 4.255896e-03
2.782559e+10 3.133450e-03
3.853529e+10 1.703382e-03
5.336699e+10 1.258264e-03
7.390722e+10 9.277519e-04
1.023531e+11 6.848178e-04
1.417474e+11 3.741000e-04
1.963041e+11 2.763688e-04
2.718588e+11 2.050213e-04
3.764936e+11 1.519732e-04
5.214008e+11 8.379519e-05
